exit xref function
exit xref function
exit xref function
ALLOC	src/dlist.c: 152
	src/set.c: 42 191
	src/table.c: 41 170
FREE	src/dlist.c: 65 69 124
	src/set.c: 118 150 154
	src/table.c: 151 195 199
INT_MAX	src/set.c: 36
	src/table.c: 34
NEW	src/dlist.c: 17 23 174 181 204
	src/set.c: 90 253 288 323 335 380
	src/table.c: 90
NULL	src/dlist.c: 16 41 43 102 167 169 170 198
	src/set.c: 48 70 88 123 209 213 235 239 272 276 307 311
	src/table.c: 49 70 89 95 156
T	src/dlist.c: 7 11 12 14 37 38 40 56 57 59 78 79 81 97 99 115 117 130 134 148 151 163 164 166 167 195 198
	src/set.c: 8 11 25 28 33 56 74 103 130 139 160 183 202 203 205 227 228 230 264 265 267 299 300 302 329 361 362 364
	src/table.c: 7 9 26 31 57 75 106 114 135 162 184
add	src/set.c: 89 375 379
ap	src/dlist.c: 199 201 203 210
apply	src/dlist.c: 131 136 141 144
	src/set.c: 161 169 175
	src/table.c: 115 123 128
arith	src/set.c: 5
arith_max	src/set.c: 218
arith_min	src/set.c: 246 281 316
array	src/dlist.c: 152 156 159 160
	src/set.c: 186 191 195 196 198
	src/table.c: 166 170 173 174 177 179
assert	src/dlist.c: 3 119 136 137
	src/set.c: 4 37 61 62 79 80 108 109 132 144 168 169 176 189 211 216 237 244 274 279 309 314 369
	src/table.c: 4 36 62 63 81 82 108 122 123 129 140 141 169 189
binding	src/table.c: 16 17 46 60 78 120 138 167 187
break	src/set.c: 68 86
	src/table.c: 68 87
buckets	src/set.c: 20 42 46 48 66 84 92 93 113 148 174 194 220 249 255 256 284 290 291 319 325 326 331 337 338 374 382 383
	src/table.c: 20 42 46 49 66 85 92 93 127 146 172 193
cl	src/dlist.c: 131 132 141 144
	src/set.c: 161 162 175
	src/table.c: 115 116 128
cmp	src/set.c: 14 30 44 67 85 114 216 238 240 244 247 275 279 282 314 317 370
	src/table.c: 11 28 44 67 86 147
cmpatom	src/set.c: 23 44 348
	src/table.c: 23 44 208
const	src/set.c: 14 15 19 23 24 30 31 56 74 103 161 233 270 305 348 355 367
	src/table.c: 11 12 18 23 24 28 29 57 75 115 135 208 215
data	src/dlist.c: 18 24 63 141 144 156 175 182 205
define	src/dlist.c: 7
	src/set.c: 8
	src/table.c: 7
dlist	src/dlist.c: 5 12 16 25 26 28 29 30 38 41 44 46 48 49 57 60 61 64 65 67 68 73 79 82 83 97 102 105 106 115 119 121 122 130 137 139 140 148 150 154 164 169 172 173
dlist_append	src/dlist.c: 38
dlist_copy	src/dlist.c: 164
dlist_free	src/dlist.c: 115
dlist_length	src/dlist.c: 97 150
dlist_list	src/dlist.c: 196
dlist_map	src/dlist.c: 130
dlist_pop	src/dlist.c: 57
dlist_push	src/dlist.c: 12
dlist_reverse	src/dlist.c: 79
dlist_t	src/dlist.c: 7
dlist_to_array	src/dlist.c: 148
dtail	src/dlist.c: 38 42 43 47 48 49 50 51
each	src/set.c: 372
else	src/dlist.c: 22 43 45 66
	src/set.c: 95 213 215 239 241 243 276 278 311 313
	src/table.c: 96
end	src/dlist.c: 148 159
	src/set.c: 183 196
	src/table.c: 162 177
for	src/dlist.c: 155 203
	src/set.c: 39 47 64 66 82 84 113 147 148 173 174 193 194 219 220 248 249 283 284 318 319 330 331 372 373 374
	src/table.c: 38 48 66 85 126 127 146 171 172 192 193
h	src/dlist.c: 1 2 3 4 5
	src/set.c: 1 2 3 4 5 6
	src/table.c: 1 2 3 4 5
hash	src/set.c: 15 31 45 65 83 112 216 238 240 244 247 252 275 279 282 287 314 317 322 334 370 377
	src/table.c: 12 29 45 65 84 144
hashatom	src/set.c: 24 45 355
	src/table.c: 24 45 215
head	src/dlist.c: 40 46 47 50 59 61 63 64 67 68 69 81 82 91 93 167 188 189 198 211 212
hint	src/set.c: 25 29 37 39 362 370
	src/table.c: 27 36 38
i	src/dlist.c: 150 155 156 159
	src/set.c: 34 39 42 43 47 48 58 65 66 76 83 84 92 93 105 112 113 141 147 148 164 173 174 185 193 194 206 219 220 231 248 249 268 283 284 303 318 319 330 331 365 373 374
	src/table.c: 32 38 42 43 48 49 59 65 66 77 84 85 92 93 118 126 127 137 144 146 164 171 172 186 192 193
if	src/dlist.c: 16 41 43 60 62 64 102 169
	src/set.c: 67 85 88 114 146 209 213 235 239 241 250 272 276 285 307 311 320 332
	src/table.c: 67 86 89 147 191
include	src/dlist.c: 1 2 3 4 5
	src/set.c: 1 2 3 4 5 6
	src/table.c: 1 2 3 4 5
index	src/dlist.c: 81 82 83 84 85 86 87 90 91 99 105 106 107 117 121 122 123 124 125 134 139 140 141 142 144 151 154 156 157 166 172 173 175 179 182 186
int	src/dlist.c: 96 100 150
	src/set.c: 12 14 16 23 25 29 30 34 35 55 58 76 105 129 141 164 185 206 231 268 303 347 362 365
	src/table.c: 10 11 13 23 27 28 32 33 59 77 105 118 137 164 186 207
j	src/set.c: 185 195 196 231 252 255 256 268 287 290 291 303 322 325 326 334 337 338 365 377 382 383
	src/table.c: 164 173 174 177
key	src/table.c: 12 18 24 29 57 63 65 67 75 82 84 86 91 115 128 135 141 144 147 173 215 217
last	src/dlist.c: 167 176 177 183 184 188 189 191 198 206 207 211 212 213
length	src/set.c: 12 49 94 119 133 146 191 241 257 292 327 339 384
	src/table.c: 13 50 94 109 152 170 191
limits	src/set.c: 1
	src/table.c: 1
link	src/set.c: 18 66 84 92 113 116 149 174 194 220 249 255 284 290 319 325 331 337 374 382
	src/table.c: 17 66 85 92 127 146 150 172 194
long	src/set.c: 13 15 24 31 165 354 357
	src/table.c: 12 14 24 29 119 214 217
mem	src/dlist.c: 4
	src/set.c: 3
	src/table.c: 3
member	src/set.c: 17 18 19 46 56 59 62 64 65 67 74 77 80 82 83 85 89 91 96 103 106 109 112 114 117 120 142 161 166 175 187 195 207 221 232 233 250 251 252 254 269 270 285 286 287 289 304 305 320 321 322 324 332 333 334 336 366 367 372 375 376 377 379 381
n	src/dlist.c: 100 108 111 150 152 155
next	src/dlist.c: 19 25 28 29 46 48 49 50 61 67 68 81 82 84 85 86 87 90 105 107 117 121 123 125 139 142 154 157 167 172 174 175 176 177 178 179 181 182 183 184 185 186 189 198 204 205 206 207 208 212
p	src/dlist.c: 14 17 18 19 20 21 23 24 25 26 28 29
	src/set.c: 59 66 67 70 77 84 85 88 90 91 92 93 96 106 115 116 117 118 142 148 149 150 166 174 175 187 194 195 232 253 254 255 256 269 288 289 290 291 304 323 324 325 326 335 336 337 338 366 380 381 382 383
	src/table.c: 60 66 67 70 78 85 86 89 90 91 92 93 97 99 120 127 128 138 148 149 150 151 167 172 173 174 187 193 194 195
pp	src/set.c: 106 113 114 115 116
	src/table.c: 138 146 147 148 150
prev	src/dlist.c: 20 26 28 47 48 68 85 86 90 91 176 183 188 206 211
	src/table.c: 79 95 97 101
primes	src/set.c: 35 39 42 43
	src/table.c: 33 38 42 43
q	src/set.c: 142 148 149 207 220 221 232 249 250 251 269 284 285 286 304 319 320 321 331 332 333 366 372 374 375 376
	src/table.c: 187 193 194
return	src/dlist.c: 21 30 42 44 51 73 93 103 111 160 170 191 213
	src/set.c: 52 70 120 123 133 198 212 214 222 238 240 242 259 275 277 294 310 312 341 350 357 387
	src/table.c: 52 70 101 109 153 156 179 210 217
s	src/set.c: 203 209 214 216 218 228 235 240 241 242 244 246 247 250 265 274 276 279 281 282 285 300 307 312 314 316 317 320 329 332
search	src/set.c: 64 82
set	src/set.c: 6 33 42 43 44 45 46 47 48 49 50 52 56 61 64 65 66 67 74 79 82 83 84 85 89 92 93 94 98 103 108 111 112 113 114 119 130 132 133 139 144 146 147 148 154 160 168 171 173 174 176 183 189 191 193 194 205 218 221 222 230 246 252 255 256 257 259 267 281 287 290 291 292 294 302 316 322 325 326 327 334 337 338 339 341 364 370 375 377 379 382 383 384 387
set_copy	src/set.c: 25 212 214 218 277 310 312 362
set_diff	src/set.c: 300
set_free	src/set.c: 139
set_inter	src/set.c: 228 242
set_length	src/set.c: 130
set_map	src/set.c: 160
set_member	src/set.c: 56 250 285 320 332
set_minus	src/set.c: 265
set_new	src/set.c: 29 238 240 246 275 281 316 370
set_put	src/set.c: 74 221
set_remove	src/set.c: 103
set_t	src/set.c: 8
set_to_array	src/set.c: 183
set_union	src/set.c: 203
size	src/set.c: 16 43 47 65 83 112 147 173 193 212 214 218 219 238 240 246 248 252 275 277 281 283 287 310 312 316 318 322 330 334 373 377
	src/table.c: 10 43 48 65 84 126 144 171 192
sizeof	src/dlist.c: 152
	src/set.c: 42 191
	src/table.c: 41 42 170
stamp	src/set.c: 165 171 176
	src/table.c: 119 124 129
static	src/set.c: 23 24 25 35 346 353 360
	src/table.c: 23 24 33 206 213
stdarg	src/dlist.c: 1
stddef	src/dlist.c: 2
	src/set.c: 2
	src/table.c: 2
struct	src/set.c: 11 17 18 46 59 77 106 142 166 187 207 232 269 304 366
	src/table.c: 9 16 17 46 60 78 120 138 167 187
t	src/set.c: 25 203 211 212 213 216 218 219 220 228 237 238 239 241 242 244 246 248 249 265 272 275 277 279 281 283 284 300 309 310 311 314 316 318 319 329 330 331 362 369 370 373 374
table	src/table.c: 5 31 41 42 43 44 45 46 48 49 50 51 52 57 62 65 66 67 75 81 84 85 86 92 93 94 100 106 108 109 114 122 124 126 127 129 135 140 143 144 146 147 152 162 169 170 171 172 184 189 191 192 193 199
table_free	src/table.c: 184
table_get	src/table.c: 57
table_length	src/table.c: 106
table_map	src/table.c: 114
table_new	src/table.c: 27
table_put	src/table.c: 75
table_remove	src/table.c: 135
table_t	src/table.c: 7
table_to_array	src/table.c: 162
timestamp	src/set.c: 13 50 98 111 171 176
	src/table.c: 14 51 100 124 129 143
to	src/set.c: 89 375 379
u	src/set.c: 329
unsigned	src/set.c: 13 15 24 31 165 354 357
	src/table.c: 12 14 24 29 119 214 217
va_arg	src/dlist.c: 203
va_end	src/dlist.c: 210
va_list	src/dlist.c: 199
va_start	src/dlist.c: 201
value	src/table.c: 19 70 75 97 99 115 128 149 153 174
void	src/dlist.c: 12 57 114 129 131 132 147 148 152 196 203
	src/set.c: 14 15 19 23 24 30 31 56 73 74 102 103 120 138 159 161 162 182 183 186 195 233 270 305 348 355 367
	src/table.c: 11 12 18 19 23 24 28 29 56 57 74 75 79 113 115 116 134 135 149 161 162 166 173 183 208 215
while	src/dlist.c: 83 106 122 140 173
x	src/dlist.c: 12 18 24 57 62 63 131 196 201 203 205
	src/set.c: 14 15 23 24 30 31 348 350 355 357
	src/table.c: 11 23 28 208 210
y	src/set.c: 14 23 30 348 350
	src/table.c: 11 23 28 208 210
